99387	1
106324	1
35017	1
35926	1
101756	1
99463	1
92850	1
98709	1
35970	1
93061	1
99412	1
36170	1
100683	1
99711	1
34438	1
76200	1
34973	1
52014	1
97331	1
36125	1
99341	1
36439	1
103747	1
92544	1
34419	1
99287	1
99707	1
35246	1
35297	1
106311	1
101829	1
101126	1
95439	1
93167	1
94862	1
101273	1
99685	1
100102	1
98949	1
34881	1
36925	1
92772	1
99226	1
100617	1
99548	1
100298	1
103833	1
103754	1
35080	1
92558	1
100840	1
99996	1
92576	1
99043	1
36926	1
93145	1
99490	1
95428	1
35098	1
100338	1
101924	1
100764	1
92999	1
94831	1
35782	1
36274	1
101331	1
95358	1
101061	1
92183	1
97226	1
98646	1
100359	1
98990	1
99319	1
98686	1
99029	1
92958	1
92788	1
92764	1
100630	1
34472	1
98841	1
101793	1
36653	1
101501	1
99899	1
92776	1
100649	1
35784	1
92493	1
35755	1
36019	1
100710	1
35154	1
78630	1
78644	1
101391	1
100373	1
104433	1
34905	1
78579	1
101872	1
92708	1
99593	1
35369	1
36825	1
36411	1
35944	1
98597	1
100372	1
35544	1
100690	1
92661	1
101809	1
99215	1
98947	1
98824	1
98599	1
93039	1
35557	1
100929	1
103802	1
101842	1
101086	1
92993	1
101024	1
97455	1
97222	1
99265	1
36802	1
35090	1
105586	1
99688	1
101243	1
99700	1
100437	1
99380	1
78593	1
95414	1
101314	1
100636	1
101358	1
101211	1
92427	1
99547	1
35789	1
99832	1
92360	1
36149	1
100131	1
99552	1
100413	1
101838	1
35218	1
36309	1
35045	1
99019	1
98698	1
35026	1
98964	1
95446	1
95403	1
100602	1
100639	1
99284	1
36716	1
36147	1
95427	1
100822	1
105592	1
34436	1
100235	1
105608	1
101261	1
101147	1
103725	1
92955	1
92964	1
78606	1
97271	1
36175	1
36588	1
99861	1
76217	1
92921	1
99774	1
94820	1
78619	1
101655	1
99558	1
36659	1
95382	1
101014	1
36739	1
35424	1
35917	1
99510	1
36824	1
100657	1
34735	1
98991	1
101266	1
100528	1
36028	1
101743	1
93146	1
101556	1
97775	1
99511	1
99200	1
101905	1
101781	1
100820	1
92178	1
35228	1
35986	1
92499	1
101832	1
101170	1
100158	1
34780	1
35873	1
97361	1
92838	1
36561	1
35019	1
99874	1
101166	1
100175	1
101338	1
34946	1
99089	1
35719	1
100944	1
106357	1
36790	1
35993	1
92862	1
99406	1
93177	1
99637	1
92621	1
34739	1
77421	1
52040	1
97387	1
36815	1
103743	1
99756	1
78617	1
35899	1
92583	1
36961	1
97355	1
98725	1
36016	1
97332	1
95436	1
78587	1
101538	1
92348	1
97419	1
101085	1
35907	1
98639	1
35846	1
34863	1
34858	1
106363	1
101962	1
97787	1
100167	1
101241	1
99757	1
101607	1
105568	1
101459	1
104436	1
101023	1
36055	1
34786	1
99416	1
100037	1
101404	1
99910	1
99321	1
36490	1
92654	1
98810	1
101637	1
101323	1
97218	1
35649	1
101528	1
99189	1
92318	1
99334	1
35198	1
100664	1
100568	1
36128	1
36846	1
97338	1
36801	1
92608	1
100462	1
99810	1
100686	1
103735	1
92414	1
35769	1
99492	1
34541	1
99262	1
92228	1
36137	1
99381	1
99260	1
92510	1
100349	1
101846	1
35763	1
98631	1
101068	1
101144	1
105600	1
97217	1
99946	1
36052	1
92581	1
101118	1
35274	1
99738	1
101424	1
93038	1
98849	1
101831	1
52018	1
101961	1
99048	1
92966	1
34800	1
101349	1
36118	1
51996	1
101214	1
34822	1
36297	1
97394	1
100410	1
100966	1
101850	1
99536	1
34778	1
100898	1
34987	1
97471	1
100805	1
92498	1
36830	1
100135	1
101613	1
98940	1
93000	1
100284	1
101221	1
99953	1
100390	1
35277	1
101918	1
99275	1
98697	1
100309	1
34977	1
101145	1
99692	1
101276	1
99149	1
100879	1
100546	1
97385	1
98961	1
101634	1
100219	1
98972	1
103788	1
101111	1
100919	1
98952	1
99564	1
99998	1
100850	1
92739	1
101113	1
101265	1
36091	1
103828	1
100264	1
100802	1
99680	1
103737	1
36183	1
35304	1
99898	1
100778	1
94814	1
35978	1
36402	1
36960	1
92657	1
103761	1
101310	1
100896	1
35809	1
93132	1
92680	1
98690	1
101008	1
98734	1
36549	1
95379	1
36404	1
93151	1
92338	1
98887	1
34754	1
99828	1
100188	1
97336	1
97213	1
95465	1
92494	1
97253	1
99702	1
98568	1
34441	1
92579	1
99007	1
35053	1
35276	1
101274	1
92790	1
100162	1
35195	1
99389	1
98955	1
36504	1
100400	1
92684	1
92153	1
97335	1
36087	1
99123	1
93128	1
92546	1
99024	1
100202	1
97443	1
101581	1
92212	1
99563	1
100795	1
35362	1
36090	1
101121	1
101818	1
100754	1
100492	1
97287	1
98615	1
101312	1
92263	1
100475	1
100495	1
98703	1
92926	1
36048	1
106325	1
100588	1
99779	1
101598	1
92324	1
101639	1
103775	1
106319	1
100500	1
93047	1
35275	1
34504	1
34664	1
100154	1
36813	1
36662	1
100552	1
35834	1
92532	1
101960	1
35078	1
98946	1
97362	1
100047	1
99619	1
76215	1
35104	1
101810	1
100790	1
100809	1
92413	1
100260	1
101043	1
92325	1
35921	1
35024	1
92407	1
36066	1
100607	1
36095	1
100245	1
98861	1
101646	1
92984	1
98832	1
97465	1
94807	1
34718	1
36040	1
92268	1
36130	1
100614	1
100199	1
100340	1
93139	1
100469	1
35237	1
36045	1
104421	1
99051	1
101916	1
35542	1
92316	1
101889	1
52028	1
35049	1
76179	1
34968	1
92235	1
35442	1
101761	1
98833	1
35223	1
92981	1
94857	1
97214	1
98845	1
35918	1
99179	1
100885	1
35353	1
101055	1
98827	1
99699	1
99181	1
101651	1
35006	1
52062	1
101477	1
36455	1
92728	1
36600	1
101183	1
36834	1
99657	1
99659	1
35101	1
100673	1
36595	1
100283	1
100873	1
92322	1
97378	1
97257	1
100761	1
99760	1
100701	1
106302	1
92842	1
101162	1
93166	1
92327	1
100666	1
76235	1
101663	1
99113	1
100798	1
101828	1
36083	1
99032	1
97779	1
93178	1
100054	1
100239	1
92747	1
101417	1
92448	1
52052	1
35795	1
99005	1
36546	1
92653	1
101519	1
100081	1
100010	1
101632	1
36121	1
101253	1
34782	1
78615	1
99264	1
35520	1
92904	1
101204	1
52004	1
99594	1
99407	1
101507	1
34948	1
78596	1
100725	1
99567	1
35876	1
101754	1
35134	1
100890	1
92528	1
101767	1
35757	1
99982	1
34989	1
100080	1
95373	1
101397	1
100696	1
99737	1
98623	1
99622	1
99295	1
36098	1
98570	1
99752	1
52011	1
35065	1
98665	1
99232	1
97205	1
102018	1
101883	1
97237	1
34474	1
95472	1
52051	1
35269	1
98939	1
35069	1
34853	1
52003	1
101897	1
36171	1
36947	1
35057	1
34985	1
35420	1
35858	1
99705	1
35524	1
100525	1
95369	1
99044	1
101974	1
97290	1
101303	1
93083	1
105627	1
101343	1
100709	1
100179	1
99541	1
35862	1
100603	1
99370	1
78611	1
101129	1
92666	1
101339	1
99477	1
101668	1
99776	1
76195	1
99057	1
97319	1
34854	1
34921	1
92531	1
101290	1
36331	1
92812	1
36306	1
35310	1
101915	1
99822	1
105637	1
98786	1
94847	1
98806	1
99806	1
35312	1
34934	1
35797	1
100698	1
76191	1
99612	1
36505	1
94859	1
98712	1
100227	1
34877	1
98628	1
36063	1
92171	1
97450	1
34579	1
103842	1
99323	1
35989	1
100970	1
35778	1
99826	1
100168	1
100952	1
36158	1
35014	1
98533	1
99578	1
34457	1
101590	1
99426	1
92454	1
36032	1
36011	1
103771	1
36437	1
99119	1
34779	1
98918	1
100130	1
100527	1
95368	1
92863	1
92273	1
99640	1
98735	1
99580	1
92652	1
100531	1
36044	1
52032	1
95456	1
99227	1
36077	1
35842	1
97414	1
99393	1
34716	1
99441	1
86326	1
100325	1
99021	1
99913	1
35537	1
35173	1
99823	1
99886	1
52044	1
103750	1
92599	1
99820	1
101075	1
36823	1
98922	1
36289	1
101856	1
97273	1
100076	1
78602	1
106320	1
92694	1
103823	1
92924	1
101188	1
99770	1
99782	1
99575	1
34765	1
99689	1
92285	1
97280	1
35611	1
98577	1
99018	1
34969	1
101325	1
99229	1
36349	1
100377	1
92574	1
97227	1
100943	1
36779	1
99761	1
101615	1
34522	1
100181	1
35756	1
100375	1
97223	1
98614	1
78592	1
36406	1
36264	1
92529	1
36106	1
36054	1
35531	1
101563	1
97439	1
36853	1
99694	1
101954	1
101571	1
34871	1
35878	1
35156	1
95419	1
93118	1
97297	1
35740	1
95471	1
36660	1
35988	1
100456	1
99573	1
35051	1
101315	1
101531	1
78624	1
36129	1
99458	1
98750	1
100225	1
101010	1
99572	1
36843	1
100086	1
100707	1
101865	1
34583	1
93130	1
99162	1
101737	1
93033	1
99992	1
92393	1
36728	1
92467	1
101530	1
92676	1
94843	1
97235	1
98894	1
52070	1
92685	1
101725	1
92941	1
93028	1
52042	1
97305	1
100152	1
98608	1
97207	1
100226	1
92732	1
99892	1
100423	1
94816	1
35324	1
99400	1
98606	1
100165	1
100098	1
101728	1
35932	1
99485	1
103751	1
94829	1
97311	1
35284	1
92746	1
99159	1
99097	1
100986	1
99293	1
92748	1
99118	1
36447	1
101685	1
100559	1
92433	1
98778	1
101050	1
100257	1
92770	1
34578	1
36610	1
100807	1
101532	1
99288	1
97291	1
105594	1
100105	1
36979	1
35702	1
101840	1
97429	1
34965	1
100019	1
92389	1
76187	1
92426	1
97318	1
92177	1
92232	1
34945	1
101605	1
92200	1
36737	1
34478	1
101382	1
100236	1
35143	1
99451	1
101509	1
100304	1
99901	1
35707	1
99259	1
101570	1
97268	1
99237	1
101968	1
101159	1
92394	1
99366	1
34497	1
99330	1
99126	1
34572	1
100884	1
92874	1
105621	1
97350	1
101316	1
35281	1
100557	1
34465	1
93022	1
101402	1
99877	1
93041	1
101181	1
97325	1
99509	1
35357	1
100905	1
35721	1
100748	1
36964	1
99176	1
35222	1
99199	1
99305	1
100337	1
36551	1
100468	1
92341	1
101740	1
101772	1
99140	1
100353	1
92242	1
92868	1
103843	1
97454	1
100611	1
95412	1
97344	1
36189	1
99920	1
101569	1
99577	1
97383	1
99581	1
35689	1
35650	1
99175	1
99315	1
36078	1
100550	1
35612	1
103785	1
35751	1
101998	1
35781	1
92726	1
101319	1
101474	1
104422	1
95397	1
35131	1
99066	1
100319	1
103795	1
100554	1
35880	1
98891	1
103813	1
92815	1
101306	1
92233	1
100420	1
35785	1
34961	1
35209	1
95345	1
36064	1
35248	1
36458	1
34887	1
34773	1
92670	1
100161	1
101226	1
92226	1
92522	1
99902	1
98868	1
93150	1
99220	1
100713	1
93036	1
104434	1
52041	1
52049	1
99527	1
36601	1
101190	1
99132	1
105575	1
100048	1
98897	1
94813	1
100002	1
34517	1
101227	1
100221	1
98659	1
99653	1
95387	1
35273	1
97232	1
99430	1
92638	1
92775	1
92582	1
35231	1
99294	1
34991	1
99139	1
99784	1
102020	1
92947	1
34494	1
100422	1
100519	1
76240	1
100147	1
99671	1
103799	1
35288	1
35303	1
101824	1
100212	1
35083	1
35439	1
95435	1
99763	1
101506	1
98873	1
101920	1
35320	1
52019	1
99648	1
99194	1
100736	1
98982	1
100403	1
99713	1
35295	1
99455	1
99850	1
100723	1
100949	1
99605	1
99358	1
101686	1
36112	1
100800	1
101103	1
36972	1
35437	1
100190	1
101291	1
100632	1
104428	1
100505	1
36316	1
92686	1
36587	1
34785	1
92841	1
103773	1
101947	1
98973	1
92854	1
101200	1
100157	1
101470	1
100812	1
100620	1
35527	1
99187	1
98701	1
101160	1
100753	1
98538	1
100957	1
34444	1
99252	1
99719	1
101652	1
36294	1
98915	1
36772	1
92606	1
98814	1
101041	1
101015	1
35238	1
36730	1
34845	1
100560	1
97449	1
94837	1
36740	1
36017	1
100237	1
92882	1
98966	1
92656	1
101619	1
36163	1
36747	1
100183	1
92238	1
92557	1
35206	1
104431	1
99246	1
97405	1
35966	1
100024	1
99146	1
101313	1
93171	1
95362	1
97312	1
95445	1
98893	1
98943	1
99753	1
100818	1
76275	1
99434	1
100450	1
92475	1
99717	1
92374	1
100881	1
36562	1
92305	1
92239	1
99971	1
99889	1
92331	1
92939	1
100877	1
99864	1
99103	1
99554	1
92922	1
101199	1
34502	1
92678	1
101173	1
36554	1
92932	1
92641	1
76204	1
101412	1
35870	1
100731	1
36448	1
36602	1
101207	1
98811	1
92902	1
98769	1
99651	1
34814	1
92508	1
35698	1
36169	1
100401	1
99613	1
98569	1
99344	1
98825	1
99649	1
98800	1
101475	1
36844	1
92700	1
100431	1
101830	1
99736	1
92933	1
36326	1
100983	1
101606	1
101422	1
92461	1
99891	1
100596	1
97224	1
101511	1
36962	1
95437	1
99868	1
36153	1
92699	1
97770	1
35203	1
36762	1
101451	1
92896	1
35432	1
97249	1
98770	1
101049	1
35605	1
92431	1
35892	1
100627	1
36073	1
92825	1
99867	1
95391	1
101124	1
100067	1
34464	1
101935	1
97221	1
92771	1
99911	1
99693	1
101596	1
100035	1
34523	1
100738	1
99958	1
100414	1
93006	1
93019	1
99134	1
101741	1
99634	1
100869	1
34460	1
100875	1
99446	1
99904	1
101981	1
99100	1
36944	1
101896	1
35983	1
101853	1
99337	1
99883	1
99368	1
35192	1
35433	1
36919	1
36088	1
92832	1
35940	1
100079	1
101252	1
35534	1
34880	1
36043	1
99452	1
97399	1
36930	1
99837	1
103782	1
93143	1
35749	1
100834	1
100072	1
103831	1
35005	1
92526	1
101721	1
36029	1
98815	1
101292	1
36851	1
100845	1
92480	1
78628	1
35343	1
36918	1
98756	1
98965	1
100069	1
103845	1
97462	1
92359	1
101976	1
92336	1
93176	1
100523	1
99678	1
106301	1
100842	1
100170	1
78614	1
92655	1
99207	1
34734	1
98960	1
101620	1
101443	1
34491	1
34469	1
100404	1
35931	1
97398	1
35368	1
92486	1
92229	1
35535	1
99542	1
98649	1
103835	1
101577	1
92806	1
100640	1
99718	1
99423	1
100240	1
35086	1
92740	1
99550	1
35445	1
76243	1
34864	1
99395	1
99053	1
100540	1
100350	1
103803	1
95366	1
95424	1
36569	1
101826	1
97329	1
100220	1
35352	1
92792	1
100788	1
92681	1
36586	1
100961	1
92802	1
35043	1
35241	1
101952	1
97283	1
99852	1
97262	1
93071	1
97212	1
35116	1
35794	1
99504	1
34475	1
34488	1
35538	1
100781	1
36284	1
99078	1
35959	1
100954	1
95342	1
101672	1
101407	1
34793	1
35280	1
95370	1
35851	1
98763	1
99205	1
92385	1
99652	1
36826	1
92890	1
92837	1
35112	1
100059	1
36160	1
101110	1
93063	1
36123	1
94841	1
101022	1
97254	1
36556	1
105646	1
36661	1
101722	1
52001	1
105601	1
100945	1
92996	1
97447	1
101837	1
92257	1
35812	1
36449	1
36025	1
35363	1
100374	1
36324	1
98823	1
92438	1
92382	1
36579	1
92306	1
98816	1
92373	1
98640	1
100682	1
97433	1
101406	1
101847	1
92733	1
92563	1
92895	1
92267	1
99376	1
101650	1
100241	1
101346	1
34849	1
99204	1
36920	1
34951	1
36031	1
99214	1
34668	1
99329	1
100880	1
106304	1
52013	1
101659	1
52069	1
36720	1
52012	1
35317	1
101232	1
35928	1
103798	1
99627	1
100041	1
99114	1
102010	1
100321	1
99015	1
100045	1
100773	1
100645	1
100126	1
99684	1
97289	1
36154	1
93159	1
97780	1
101906	1
103728	1
100379	1
34666	1
98904	1
35963	1
100344	1
100448	1
101059	1
92765	1
97306	1
101627	1
101060	1
99483	1
35091	1
93062	1
92590	1
101440	1
101747	1
97469	1
105578	1
99326	1
97762	1
106297	1
99999	1
36146	1
36807	1
78646	1
101944	1
101244	1
35087	1
35764	1
100843	1
100591	1
35786	1
52034	1
100728	1
94845	1
35262	1
92387	1
93124	1
99225	1
100044	1
100310	1
67564	1
92848	1
99014	1
99390	1
92749	1
101550	1
36935	1
101514	1
92697	1
92972	1
100509	1
35096	1
95458	1
35174	1
98777	1
100498	1
95406	1
99320	1
100371	1
35533	1
100752	1
98672	1
34923	1
99239	1
101374	1
99664	1
98556	1
92363	1
100598	1
99721	1
35715	1
95441	1
99665	1
99196	1
98728	1
101720	1
95354	1
101225	1
92252	1
100746	1
35727	1
101201	1
92751	1
101815	1
92794	1
35783	1
100149	1
100580	1
34926	1
35868	1
100043	1
101665	1
100279	1
101648	1
101036	1
93182	1
101687	1
100465	1
34422	1
92851	1
35351	1
92931	1
36405	1
100376	1
92495	1
92970	1
52083	1
97784	1
92974	1
92914	1
101611	1
99098	1
99503	1
36847	1
92987	1
36497	1
35831	1
102012	1
36280	1
100774	1
92785	1
101255	1
95360	1
92361	1
101586	1
34435	1
99453	1
100566	1
52053	1
99773	1
101798	1
101169	1
95423	1
101696	1
76214	1
76197	1
34412	1
99858	1
101763	1
100425	1
100063	1
101033	1
99322	1
35741	1
35370	1
92973	1
36607	1
97380	1
98720	1
35342	1
93098	1
98574	1
35746	1
92607	1
100488	1
92593	1
100489	1
101146	1
98543	1
98751	1
99166	1
34878	1
92280	1
100445	1
101142	1
100476	1
94830	1
101256	1
105632	1
99834	1
34521	1
99635	1
100689	1
92968	1
92254	1
100274	1
101487	1
101576	1
100307	1
99608	1
35047	1
35254	1
98536	1
92506	1
100194	1
35110	1
100155	1
99244	1
93126	1
93165	1
100280	1
101360	1
92852	1
101891	1
92937	1
101594	1
99740	1
35305	1
36761	1
98986	1
100652	1
106359	1
35732	1
99302	1
100000	1
101361	1
97438	1
99847	1
35765	1
100883	1
99158	1
36583	1
34928	1
101816	1
92839	1
99677	1
99479	1
34741	1
97294	1
97251	1
101852	1
100184	1
98892	1
103805	1
101778	1
92496	1
100440	1
92887	1
101066	1
93064	1
92912	1
101427	1
101547	1
34467	1
36454	1
95400	1
34885	1
35961	1
52057	1
100356	1
78578	1
35287	1
101792	1
99172	1
76251	1
93027	1
36760	1
105616	1
105593	1
101217	1
36968	1
99022	1
101867	1
92637	1
97203	1
36099	1
102014	1
100862	1
92191	1
92865	1
92817	1
36744	1
100007	1
36839	1
99559	1
76212	1
92468	1
97356	1
100441	1
101416	1
100797	1
97404	1
101175	1
36057	1
99357	1
103794	1
35341	1
101348	1
34850	1
100717	1
101948	1
99375	1
101347	1
36345	1
100940	1
101893	1
100756	1
100948	1
36817	1
99893	1
100990	1
101167	1
99437	1
36288	1
35199	1
98579	1
101795	1
36462	1
101572	1
93046	1
103853	1
98702	1
36943	1
92216	1
92934	1
35615	1
34916	1
92615	1
92152	1
101726	1
99597	1
105577	1
100927	1
105619	1
94838	1
34744	1
99208	1
92179	1
92915	1
101694	1
99286	1
92516	1
97767	1
100419	1
101258	1
92714	1
36065	1
99333	1
92420	1
98581	1
99056	1
35085	1
92738	1
103809	1
100900	1
36417	1
34949	1
99991	1
100770	1
35328	1
99495	1
103801	1
100352	1
100543	1
100839	1
98953	1
34537	1
92860	1
98595	1
92354	1
34799	1
101579	1
99965	1
92535	1
101486	1
101468	1
99645	1
98819	1
99413	1
100971	1
99161	1
92367	1
105626	1
35713	1
101114	1
101957	1
101353	1
106300	1
35150	1
93007	1
92364	1
101839	1
101305	1
100829	1
92781	1
101898	1
97211	1
99049	1
92459	1
36295	1
97333	1
98605	1
92718	1
101695	1
34925	1
95468	1
92843	1
100967	1
101495	1
35290	1
36812	1
36334	1
97440	1
100870	1
78599	1
100787	1
92185	1
34868	1
35776	1
99258	1
92997	1
101383	1
99733	1
101295	1
101622	1
92992	1
99523	1
100273	1
101447	1
34788	1
99193	1
34498	1
92415	1
94827	1
99584	1
97245	1
36053	1
93122	1
92472	1
100895	1
100759	1
100313	1
100507	1
100111	1
35998	1
36047	1
95404	1
101040	1
98774	1
101197	1
99537	1
99555	1
92269	1
35945	1
101752	1
35883	1
93015	1
93153	1
35485	1
100963	1
101940	1
103740	1
36293	1
35106	1
95407	1
92155	1
98731	1
101580	1
101317	1
100675	1
92409	1
36792	1
100354	1
36606	1
101874	1
36528	1
92647	1
99045	1
35762	1
52048	1
99797	1
95460	1
101892	1
101882	1
92300	1
92883	1
101516	1
36541	1
35063	1
106358	1
99296	1
101454	1
99703	1
92753	1
92959	1
78608	1
92457	1
35896	1
99630	1
35608	1
34461	1
101117	1
92205	1
101083	1
36852	1
93010	1
100980	1
99588	1
34560	1
97201	1
106313	1
98540	1
35552	1
99185	1
100837	1
92370	1
101193	1
36161	1
35020	1
101366	1
92551	1
92463	1
34996	1
36304	1
100706	1
78613	1
100256	1
101218	1
98846	1
36351	1
98598	1
99346	1
104425	1
105615	1
92154	1
92769	1
93117	1
99445	1
99001	1
36046	1
92917	1
101548	1
100409	1
95443	1
92566	1
92411	1
35299	1
93162	1
100137	1
98755	1
99188	1
103806	1
99562	1
98578	1
99414	1
100023	1
99336	1
98997	1
36346	1
94844	1
34753	1
35752	1
34884	1
36841	1
99954	1
95398	1
101723	1
35914	1
99065	1
100893	1
93076	1
76246	1
99145	1
36743	1
36545	1
99952	1
100604	1
34452	1
100486	1
101766	1
35423	1
99251	1
100415	1
36082	1
99456	1
92437	1
95410	1
99039	1
97220	1
99272	1
92967	1
100083	1
95353	1
34427	1
101415	1
101692	1
101373	1
99037	1
92962	1
36781	1
36069	1
100435	1
92594	1
99059	1
100334	1
101855	1
35823	1
105572	1
100922	1
36782	1
101895	1
92879	1
98899	1
100934	1
101280	1
99817	1
98884	1
98968	1
99311	1
52081	1
98573	1
35992	1
99332	1
98664	1
35939	1
100783	1
36336	1
100504	1
34455	1
34943	1
100210	1
100077	1
98852	1
99428	1
92311	1
35889	1
99840	1
36729	1
99775	1
100726	1
92867	1
92611	1
92603	1
34986	1
35980	1
100530	1
101814	1
103731	1
101369	1
97771	1
93053	1
99291	1
98788	1
35089	1
106318	1
92750	1
101158	1
35050	1
101769	1
76281	1
92323	1
35826	1
100114	1
100622	1
34415	1
101131	1
35526	1
100833	1
100921	1
92378	1
101354	1
36613	1
101192	1
78594	1
100330	1
100730	1
100911	1
97417	1
34882	1
78622	1
34886	1
92961	1
34821	1
35869	1
36172	1
92224	1
99487	1
92985	1
93070	1
99052	1
34749	1
35987	1
100658	1
101180	1
101094	1
92527	1
102009	1
99943	1
35333	1
92573	1
34966	1
36523	1
34937	1
101194	1
34763	1
92604	1
99125	1
35055	1
35738	1
92690	1
99687	1
36142	1
101749	1
98526	1
99985	1
101813	1
36726	1
92281	1
99639	1
35935	1
101096	1
100497	1
97215	1
101007	1
101719	1
99467	1
99420	1
35022	1
103812	1
100965	1
101553	1
92878	1
106356	1
52084	1
34794	1
52063	1
36102	1
99994	1
34772	1
101657	1
98941	1
99939	1
100289	1
92796	1
92668	1
105566	1
92584	1
98925	1
93134	1
92469	1
99128	1
35677	1
92483	1
101462	1
35197	1
100825	1
92434	1
101936	1
98817	1
92834	1
99385	1
99827	1
99313	1
98767	1
34449	1
98576	1
101141	1
105639	1
100538	1
101152	1
34902	1
35054	1
78581	1
34429	1
100794	1
99256	1
92435	1
92945	1
97346	1
99026	1
35489	1
103797	1
99872	1
92206	1
35139	1
106364	1
35338	1
92167	1
98677	1
92706	1
93084	1
101445	1
34844	1
99399	1
35132	1
92334	1
100483	1
101787	1
99345	1
102013	1
36159	1
99374	1
101340	1
34901	1
101950	1
98566	1
35872	1
97300	1
101923	1
101608	1
99730	1
101911	1
97375	1
106365	1
99656	1
34889	1
35344	1
35071	1
92920	1
100335	1
92884	1
99054	1
100718	1
101212	1
101028	1
101851	1
101286	1
92665	1
92804	1
35902	1
36119	1
34792	1
98525	1
101583	1
34999	1
97761	1
34690	1
98844	1
98742	1
36784	1
105584	1
103732	1
34993	1
101388	1
92671	1
36101	1
36042	1
95377	1
100452	1
99429	1
103784	1
36513	1
100451	1
100942	1
97446	1
98838	1
100172	1
34883	1
101997	1
95426	1
100516	1
35107	1
92497	1
101078	1
92180	1
34750	1
101151	1
92600	1
100847	1
101287	1
35285	1
101522	1
92505	1
101876	1
99888	1
98896	1
99977	1
101004	1
92507	1
92734	1
35070	1
52025	1
97466	1
101178	1
100721	1
99531	1
101254	1
101529	1
97789	1
92918	1
35244	1
100259	1
35911	1
35982	1
101458	1
101128	1
101702	1
99669	1
36136	1
94861	1
36594	1
99190	1
36139	1
101148	1
92818	1
97772	1
101750	1
35207	1
101984	1
99949	1
98936	1
101900	1
99538	1
101508	1
36328	1
101715	1
52061	1
98696	1
98898	1
34468	1
92873	1
101658	1
98996	1
92195	1
100744	1
100750	1
36804	1
36452	1
106310	1
76185	1
76232	1
92207	1
100853	1
101544	1
100987	1
98978	1
98987	1
34451	1
97402	1
100876	1
93123	1
95361	1
101379	1
35711	1
93148	1
36741	1
92345	1
35922	1
98998	1
99115	1
92319	1
100711	1
99600	1
36283	1
102017	1
100969	1
34891	1
34473	1
92669	1
100164	1
92741	1
101469	1
98963	1
92168	1
92256	1
101288	1
36567	1
100899	1
101213	1
97272	1
100471	1
100301	1
101554	1
35706	1
101662	1
35908	1
101910	1
92402	1
101771	1
101269	1
95473	1
99793	1
97334	1
100336	1
35838	1
99914	1
105565	1
36525	1
98969	1
104392	1
100251	1
35278	1
101887	1
101909	1
92965	1
101922	1
99551	1
101616	1
100765	1
99386	1
100732	1
97359	1
98625	1
100634	1
99674	1
97467	1
78645	1
35301	1
99963	1
78612	1
92578	1
36585	1
95394	1
92628	1
34904	1
93013	1
92255	1
101762	1
92568	1
99838	1
100715	1
101884	1
36453	1
35550	1
99918	1
95376	1
35300	1
93088	1
101602	1
99849	1
34903	1
86329	1
98527	1
92651	1
92888	1
52056	1
97327	1
98580	1
98872	1
99028	1
36321	1
34531	1
100061	1
97428	1
100254	1
52031	1
93174	1
105597	1
98749	1
99219	1
92756	1
100417	1
99742	1
36438	1
99833	1
101848	1
101264	1
101999	1
92342	1
99925	1
98971	1
97436	1
101067	1
99741	1
35736	1
101326	1
101886	1
36818	1
35008	1
99731	1
101705	1
100924	1
35327	1
99352	1
98752	1
97435	1
76245	1
92674	1
105587	1
101029	1
100191	1
100928	1
98895	1
35855	1
105636	1
103846	1
100583	1
36914	1
99897	1
76183	1
99454	1
101656	1
101497	1
101779	1
99787	1
35093	1
100867	1
93107	1
92565	1
35821	1
35266	1
36965	1
78598	1
99654	1
93097	1
103722	1
100030	1
100593	1
36936	1
101334	1
35859	1
100808	1
98877	1
100734	1
76180	1
36524	1
100275	1
35158	1
100312	1
103852	1
92613	1
34860	1
36315	1
100206	1
35345	1
92787	1
101653	1
36555	1
100405	1
92533	1
36184	1
36144	1
36281	1
100999	1
92234	1
98930	1
100107	1
101293	1
101939	1
101515	1
36444	1
52036	1
98558	1
101941	1
100065	1
98539	1
93037	1
35292	1
35697	1
98795	1
101977	1
36301	1
100095	1
99186	1
92702	1
101179	1
101011	1
101518	1
101836	1
99873	1
34834	1
101714	1
35754	1
36071	1
98747	1
100271	1
101234	1
35923	1
36622	1
99419	1
36837	1
100991	1
36013	1
101610	1
76248	1
99801	1
76225	1
92886	1
93173	1
100819	1
100767	1
100590	1
35012	1
99569	1
36789	1
101053	1
100442	1
99842	1
101335	1
100522	1
99212	1
92412	1
34719	1
100832	1
35997	1
35240	1
34995	1
92204	1
92503	1
36156	1
36302	1
99438	1
34940	1
34743	1
35073	1
98789	1
97468	1
36614	1
105590	1
99222	1
92870	1
35606	1
97368	1
92717	1
36568	1
36589	1
100347	1
34762	1
94812	1
35744	1
98583	1
92534	1
93120	1
92923	1
35214	1
100017	1
101844	1
35818	1
95457	1
100662	1
101932	1
93172	1
99777	1
34443	1
34856	1
99906	1
36565	1
35735	1
100670	1
92620	1
93169	1
34492	1
100888	1
99796	1
103789	1
36012	1
92539	1
101091	1
92872	1
36835	1
101585	1
99792	1
101682	1
98610	1
101734	1
36056	1
101946	1
98596	1
36308	1
92826	1
35366	1
99979	1
101919	1
94855	1
34755	1
97328	1
92693	1
35202	1
76194	1
98732	1
101938	1
36443	1
101082	1
99318	1
102022	1
78604	1
36403	1
99533	1
101807	1
92833	1
92575	1
102011	1
76216	1
101604	1
34982	1
36921	1
100981	1
35361	1
100142	1
35748	1
101112	1
104429	1
100521	1
101333	1
99602	1
100357	1
103832	1
101808	1
98799	1
92900	1
35941	1
101140	1
92290	1
99355	1
92816	1
52059	1
101208	1
35321	1
98692	1
99195	1
106322	1
92704	1
101731	1
99367	1
35171	1
99609	1
36608	1
101552	1
100572	1
92626	1
36814	1
99576	1
98796	1
99799	1
35828	1
101330	1
99666	1
100997	1
92814	1
100663	1
35296	1
99184	1
35046	1
97791	1
99079	1
101065	1
101230	1
34730	1
99590	1
100003	1
99242	1
95359	1
101284	1
76239	1
92755	1
100362	1
36330	1
34542	1
35003	1
100993	1
92942	1
106307	1
76199	1
93138	1
101703	1
100478	1
76241	1
100213	1
101268	1
101912	1
94851	1
35426	1
100514	1
36745	1
34736	1
99846	1
101456	1
101568	1
100216	1
92279	1
35999	1
105618	1
35204	1
98821	1
35708	1
100638	1
99111	1
76198	1
34518	1
92602	1
101489	1
99474	1
101482	1
52045	1
99599	1
99879	1
34952	1
100637	1
103767	1
100398	1
92716	1
99928	1
35329	1
99006	1
101448	1
35609	1
101205	1
35191	1
100995	1
92340	1
99010	1
34764	1
101420	1
36940	1
92735	1
92381	1
92798	1
101670	1
93152	1
92362	1
101299	1
101635	1
36516	1
97292	1
92291	1
99398	1
100592	1
100291	1
36166	1
101745	1
97341	1
36721	1
100582	1
102007	1
36157	1
99478	1
103736	1
36731	1
36080	1
36323	1
36787	1
99989	1
100262	1
100327	1
101224	1
100975	1
103850	1
100556	1
100066	1
35995	1
36758	1
92500	1
100124	1
99658	1
35340	1
101776	1
99062	1
99183	1
101398	1
97340	1
92444	1
101908	1
52029	1
100091	1
92820	1
36145	1
92282	1
94852	1
92629	1
101578	1
100406	1
100939	1
103765	1
36969	1
36188	1
98671	1
97434	1
101989	1
100389	1
92292	1
98874	1
98667	1
78625	1
36050	1
95383	1
35332	1
36967	1
34783	1
105567	1
36749	1
99034	1
97284	1
101502	1
35109	1
103851	1
92350	1
92692	1
100542	1
101885	1
92390	1
103837	1
92329	1
36485	1
99289	1
100669	1
35867	1
101727	1
99072	1
34509	1
99278	1
101985	1
52071	1
34729	1
36946	1
97418	1
99747	1
35836	1
101917	1
101130	1
34448	1
92555	1
92822	1
98620	1
97270	1
97342	1
93100	1
98627	1
97785	1
98584	1
99040	1
101157	1
36850	1
99824	1
93154	1
101966	1
101446	1
99962	1
99470	1
92371	1
92844	1
34597	1
35927	1
97310	1
98718	1
101337	1
101790	1
94803	1
101500	1
93105	1
51991	1
35881	1
100056	1
92186	1
36831	1
98869	1
100623	1
76255	1
100836	1
35064	1
35551	1
92357	1
101294	1
100314	1
34843	1
34801	1
92623	1
92762	1
98593	1
92774	1
98903	1
95418	1
100648	1
98607	1
92225	1
99088	1
101565	1
36624	1
100491	1
92737	1
100902	1
92646	1
101980	1
101614	1
100823	1
100815	1
99732	1
100460	1
36487	1
34420	1
99519	1
92783	1
92395	1
99751	1
98638	1
35553	1
92315	1
36093	1
36140	1
36488	1
98651	1
92830	1
101174	1
36501	1
34855	1
98548	1
99141	1
99130	1
92309	1
92163	1
36117	1
93140	1
34947	1
34507	1
35196	1
36855	1
99160	1
105610	1
100127	1
101499	1
99633	1
36657	1
98933	1
100151	1
93127	1
98779	1
92810	1
99112	1
100428	1
99518	1
93115	1
99464	1
99937	1
95355	1
99228	1
99281	1
101275	1
35427	1
92580	1
101393	1
93017	1
101309	1
99675	1
94826	1
95434	1
35359	1
36270	1
35059	1
34428	1
93137	1
36401	1
100393	1
35780	1
99372	1
101742	1
36273	1
101540	1
95402	1
100889	1
92905	1
35140	1
99017	1
100631	1
93131	1
93109	1
95386	1
99150	1
92399	1
35704	1
92840	1
34536	1
93155	1
95363	1
36038	1
98862	1
100109	1
34410	1
95421	1
99812	1
101697	1
35865	1
98644	1
101822	1
97316	1
92871	1
101978	1
93059	1
101133	1
35824	1
92376	1
100195	1
101246	1
98854	1
93113	1
98932	1
97427	1
35081	1
92625	1
100252	1
99908	1
99167	1
36597	1
100429	1
98704	1
101423	1
98924	1
35062	1
92919	1
92618	1
99683	1
101430	1
98995	1
36003	1
98791	1
101973	1
36320	1
35810	1
35108	1
99092	1
100472	1
36151	1
100697	1
100874	1
95350	1
34728	1
103768	1
99003	1
99530	1
35438	1
99073	1
97323	1
98944	1
95408	1
34499	1
99507	1
36566	1
35365	1
98919	1
100074	1
99766	1
97286	1
92302	1
36582	1
99764	1
98785	1
105631	1
98643	1
92150	1
97360	1
76219	1
35903	1
98776	1
101377	1
101661	1
36838	1
101642	1
36173	1
99004	1
101674	1
36165	1
101461	1
98685	1
34485	1
98653	1
34665	1
99475	1
100985	1
101591	1
35010	1
99712	1
100343	1
36133	1
92176	1
101485	1
99791	1
35722	1
97298	1
93060	1
34721	1
36933	1
92443	1
101988	1
100549	1
34848	1
35691	1
36609	1
98803	1
36923	1
93095	1
35076	1
92487	1
101624	1
92705	1
99501	1
97423	1
101551	1
99804	1
92803	1
34927	1
34823	1
100106	1
92672	1
34596	1
35900	1
99686	1
36086	1
36463	1
101297	1
97783	1
93175	1
100513	1
97302	1
100777	1
92639	1
36981	1
99273	1
100615	1
101710	1
99155	1
34476	1
35725	1
97256	1
35072	1
35909	1
93149	1
99263	1
34955	1
98848	1
97303	1
34571	1
101184	1
35079	1
100248	1
92761	1
76196	1
66679	1
101545	1
92490	1
101786	1
100974	1
97200	1
100427	1
99596	1
97410	1
94818	1
101046	1
101523	1
99607	1
95469	1
36828	1
35114	1
93032	1
101135	1
98864	1
101229	1
34759	1
100923	1
98612	1
93031	1
92349	1
103808	1
100545	1
105571	1
95374	1
104423	1
92897	1
101209	1
34532	1
99255	1
99972	1
92722	1
94810	1
92301	1
35882	1
101051	1
99297	1
34737	1
93011	1
98901	1
35056	1
105643	1
100784	1
92683	1
99829	1
99101	1
92572	1
97421	1
99768	1
99857	1
36548	1
100229	1
76181	1
101783	1
98737	1
99655	1
36446	1
34414	1
97367	1
99410	1
101411	1
100099	1
100270	1
101819	1
34530	1
35283	1
92990	1
97430	1
36108	1
36543	1
36414	1
34413	1
35133	1
99618	1
92767	1
99860	1
105648	1
99514	1
98635	1
36563	1
34752	1
34481	1
101496	1
36820	1
97225	1
99926	1
34776	1
101435	1
97216	1
35068	1
35895	1
99274	1
99595	1
36081	1
36026	1
35318	1
105612	1
36564	1
36774	1
100960	1
98851	1
35421	1
99798	1
105607	1
36924	1
101870	1
35027	1
92636	1
100040	1
99598	1
101930	1
97393	1
36971	1
97460	1
101134	1
100122	1
98733	1
34908	1
35525	1
92458	1
98634	1
100339	1
101943	1
98858	1
98935	1
98656	1
99206	1
100935	1
92763	1
101063	1
100915	1
99480	1
94834	1
100601	1
92545	1
93049	1
100763	1
36840	1
98682	1
36489	1
100852	1
97241	1
98771	1
98818	1
35172	1
35323	1
101933	1
100224	1
36768	1
35798	1
35436	1
34998	1
100278	1
92556	1
92591	1
100656	1
101609	1
101452	1
51995	1
99805	1
92386	1
36550	1
94856	1
99956	1
34470	1
100382	1
100134	1
34931	1
101970	1
98993	1
36734	1
34820	1
35354	1
100367	1
35543	1
99524	1
36510	1
92569	1
92570	1
103724	1
100826	1
93034	1
92659	1
34483	1
35947	1
101150	1
35802	1
98689	1
100112	1
99961	1
36917	1
36303	1
103787	1
100962	1
92194	1
99894	1
34988	1
100087	1
35444	1
99472	1
101455	1
36727	1
52072	1
95399	1
101089	1
100176	1
35800	1
36039	1
101942	1
101080	1
103824	1
97202	1
34974	1
36598	1
98632	1
98716	1
99900	1
101012	1
34510	1
36094	1
97260	1
94850	1
97236	1
92780	1
98820	1
99433	1
100892	1
101770	1
97458	1
35761	1
97288	1
92976	1
100461	1
35307	1
35193	1
92160	1
101812	1
99197	1
98663	1
101378	1
105570	1
35349	1
99579	1
35260	1
98743	1
100075	1
100119	1
99819	1
92296	1
97364	1
34431	1
52074	1
99755	1
101104	1
101279	1
76237	1
98736	1
36338	1
36310	1
101362	1
98705	1
35211	1
97347	1
99339	1
99535	1
99716	1
98958	1
35007	1
99491	1
103791	1
97778	1
101730	1
100036	1
101914	1
98757	1
34932	1
98970	1
100555	1
34909	1
36654	1
52067	1
92162	1
97400	1
34979	1
35541	1
100567	1
36325	1
98840	1
98911	1
92596	1
92518	1
99068	1
95429	1
98744	1
35267	1
92757	1
97267	1
35556	1
99973	1
34533	1
35373	1
101588	1
93111	1
100950	1
93125	1
98590	1
35129	1
100263	1
94805	1
101457	1
52068	1
36350	1
101414	1
101626	1
98563	1
36307	1
100384	1
93136	1
34994	1
100292	1
101949	1
100532	1
99351	1
97376	1
93042	1
35779	1
99499	1
93099	1
100070	1
92172	1
97372	1
36152	1
97293	1
93020	1
34424	1
34983	1
34920	1
99924	1
34484	1
101676	1
105630	1
98662	1
92278	1
98713	1
34911	1
92548	1
98674	1
95459	1
92903	1
100396	1
51994	1
34417	1
34890	1
100029	1
93048	1
35905	1
99444	1
36845	1
35676	1
100293	1
94817	1
36018	1
100667	1
101263	1
35919	1
105634	1
35803	1
92230	1
35004	1
101543	1
100094	1
102024	1
35558	1
99951	1
101155	1
101958	1
98641	1
99350	1
98629	1
99917	1
94819	1
99106	1
76210	1
36272	1
101975	1
35048	1
101560	1
99905	1
92956	1
92187	1
36115	1
98542	1
99734	1
101789	1
34432	1
35127	1
101777	1
35739	1
35703	1
35964	1
35844	1
35018	1
92995	1
35806	1
100455	1
36120	1
100619	1
36821	1
100100	1
94824	1
99142	1
100863	1
36856	1
34538	1
93144	1
99133	1
101996	1
76190	1
101873	1
101784	1
97219	1
34598	1
92542	1
101356	1
101667	1
99557	1
101044	1
35239	1
100810	1
98937	1
95431	1
100909	1
99990	1
101803	1
99875	1
99382	1
103836	1
100801	1
103807	1
99391	1
92633	1
98706	1
93066	1
98708	1
92504	1
92592	1
99230	1
100197	1
92525	1
101504	1
99610	1
100616	1
98681	1
99109	1
52060	1
36010	1
101438	1
97777	1
36131	1
35839	1
99526	1
34906	1
36519	1
101476	1
99802	1
36265	1
92326	1
101168	1
92476	1
100534	1
99944	1
35884	1
100117	1
92196	1
92158	1
99070	1
35790	1
34445	1
100628	1
100479	1
35853	1
35201	1
34963	1
36068	1
99582	1
101116	1
92541	1
101341	1
35094	1
101449	1
97247	1
34957	1
101709	1
98886	1
98772	1
99765	1
101120	1
104430	1
34832	1
99383	1
35194	1
92713	1
92925	1
100305	1
92181	1
35716	1
35224	1
34836	1
100477	1
97244	1
99271	1
76220	1
100737	1
101307	1
35058	1
36177	1
100232	1
100946	1
92473	1
100011	1
36770	1
34576	1
99309	1
101052	1
100285	1
36333	1
92491	1
92675	1
52016	1
97426	1
35061	1
35709	1
99682	1
92462	1
93180	1
36096	1
101801	1
92523	1
100432	1
99440	1
36343	1
36593	1
35930	1
99661	1
99036	1
100644	1
98652	1
101647	1
100360	1
100005	1
101675	1
35227	1
98762	1
98908	1
100824	1
52054	1
99811	1
52023	1
99744	1
35135	1
101890	1
99698	1
35256	1
99432	1
34775	1
34486	1
34500	1
92789	1
100088	1
78573	1
99151	1
76218	1
99127	1
97425	1
92752	1
99772	1
95356	1
92439	1
99663	1
100348	1
98723	1
92339	1
100804	1
101101	1
99071	1
101026	1
101108	1
98655	1
101062	1
102006	1
101575	1
34970	1
101555	1
99629	1
35843	1
100854	1
98860	1
100306	1
100110	1
103839	1
36134	1
36547	1
101986	1
101796	1
105591	1
35245	1
36179	1
100643	1
35289	1
35348	1
92289	1
34514	1
99544	1
99301	1
98804	1
93089	1
103727	1
98831	1
100660	1
99371	1
100537	1
100712	1
101513	1
105635	1
36938	1
100160	1
100470	1
98562	1
105574	1
99723	1
101259	1
97206	1
36769	1
52005	1
98591	1
99983	1
100159	1
34936	1
100757	1
101691	1
99887	1
103830	1
92210	1
92813	1
97238	1
98534	1
100058	1
101929	1
34846	1
100740	1
36552	1
36512	1
100920	1
92998	1
101480	1
99931	1
35261	1
34471	1
100315	1
99815	1
99404	1
105647	1
97248	1
100865	1
100153	1
101267	1
92859	1
35875	1
99660	1
36340	1
95375	1
101149	1
34915	1
100276	1
99443	1
100033	1
100868	1
35731	1
35347	1
99679	1
36109	1
36508	1
35973	1
101877	1
98826	1
99144	1
99325	1
98537	1
99975	1
100228	1
100459	1
99198	1
98768	1
98988	1
35271	1
35913	1
101573	1
34866	1
99691	1
99513	1
35306	1
100577	1
97243	1
100144	1
101526	1
100515	1
101951	1
36441	1
36337	1
36571	1
101090	1
100647	1
92616	1
99108	1
101357	1
92846	1
36033	1
92422	1
99728	1
100223	1
35257	1
98787	1
100878	1
99966	1
92398	1
92845	1
98759	1
98601	1
99746	1
36963	1
106308	1
36076	1
92975	1
103793	1
36085	1
101582	1
35001	1
36400	1
99540	1
92423	1
92410	1
35817	1
36949	1
35170	1
99466	1
100894	1
35264	1
99435	1
99980	1
92384	1
106309	1
99486	1
98545	1
101074	1
35901	1
101603	1
35251	1
101251	1
100169	1
99488	1
92189	1
97369	1
100342	1
99929	1
100708	1
94832	1
36049	1
92892	1
97377	1
99276	1
105588	1
76234	1
103746	1
100539	1
100277	1
36738	1
103829	1
34768	1
35701	1
99835	1
101617	1
34837	1
97285	1
36457	1
98876	1
34976	1
92577	1
100705	1
34496	1
35614	1
99498	1
98714	1
98727	1
100562	1
101587	1
35912	1
101484	1
101625	1
98541	1
34447	1
36939	1
35215	1
92809	1
93157	1
92648	1
99283	1
92245	1
36412	1
97452	1
99650	1
92617	1
98934	1
100493	1
99055	1
92482	1
94854	1
36461	1
99312	1
78620	1
98668	1
100116	1
98636	1
100727	1
100421	1
97231	1
105642	1
105622	1
99706	1
92729	1
92440	1
101371	1
92258	1
34941	1
35336	1
101324	1
94835	1
99517	1
100551	1
105576	1
93164	1
36290	1
35894	1
98585	1
34939	1
92175	1
95390	1
101739	1
93072	1
98530	1
100180	1
98974	1
97277	1
101764	1
98647	1
98531	1
100553	1
101410	1
36759	1
100910	1
93129	1
100209	1
92332	1
95452	1
97389	1
103826	1
99280	1
100258	1
106312	1
36732	1
100503	1
100526	1
98555	1
93008	1
98729	1
99465	1
99623	1
100633	1
100295	1
92295	1
101421	1
92784	1
101219	1
36353	1
101821	1
93086	1
35286	1
35699	1
100244	1
92400	1
35356	1
101429	1
95393	1
98967	1
35013	1
92421	1
99203	1
99361	1
101203	1
99767	1
97209	1
92971	1
34873	1
99448	1
100466	1
34722	1
35330	1
34529	1
98907	1
101800	1
101559	1
36599	1
92969	1
92218	1
36746	1
100020	1
99096	1
100436	1
99360	1
92899	1
97411	1
101032	1
92743	1
98609	1
98688	1
99338	1
98587	1
36296	1
36937	1
35100	1
36502	1
99549	1
36619	1
34727	1
103796	1
100009	1
99710	1
34745	1
99012	1
92634	1
35874	1
101680	1
35841	1
52022	1
99163	1
35975	1
98564	1
100189	1
36180	1
35230	1
35097	1
98626	1
100624	1
100695	1
101825	1
100651	1
35067	1
103965	1
93160	1
99903	1
92264	1
76230	1
100916	1
92957	1
105633	1
101505	1
35225	1
34725	1
101163	1
102015	1
35099	1
35948	1
98855	1
101773	1
34456	1
35994	1
101003	1
92288	1
100851	1
95384	1
92416	1
99241	1
95417	1
99377	1
34929	1
99090	1
36785	1
99373	1
101927	1
34992	1
100089	1
101281	1
99620	1
100196	1
99085	1
100932	1
36766	1
35236	1
34875	1
52077	1
99178	1
101979	1
92631	1
98999	1
76282	1
35519	1
98910	1
92208	1
34757	1
99447	1
99643	1
97384	1
101881	1
101724	1
101242	1
99959	1
95449	1
100828	1
101558	1
101791	1
94811	1
99845	1
99292	1
99814	1
35335	1
100745	1
92562	1
35933	1
100917	1
98613	1
95467	1
36299	1
99170	1
36329	1
97392	1
35148	1
92807	1
99543	1
99099	1
93075	1
92595	1
34997	1
34838	1
101196	1
78623	1
100866	1
92953	1
101493	1
99121	1
100747	1
34573	1
98878	1
100626	1
101123	1
101928	1
100674	1
95454	1
36070	1
99347	1
100803	1
34550	1
99586	1
100051	1
99216	1
101782	1
98909	1
100872	1
100691	1
98604	1
93112	1
100125	1
92470	1
98694	1
99364	1
35103	1
36857	1
100027	1
101401	1
98888	1
103804	1
92214	1
36765	1
99421	1
36002	1
95392	1
105598	1
35430	1
100133	1
101009	1
92605	1
36415	1
100329	1
36557	1
34789	1
99331	1
101464	1
95453	1
100511	1
35897	1
92174	1
95442	1
98954	1
92524	1
101289	1
100684	1
101860	1
35729	1
99468	1
93001	1
101861	1
98586	1
100857	1
101039	1
35155	1
101231	1
36771	1
95464	1
93133	1
98544	1
97459	1
100141	1
34742	1
35829	1
99997	1
100266	1
99880	1
35777	1
35548	1
99750	1
94804	1
92857	1
99938	1
106353	1
35102	1
92270	1
99396	1
100057	1
35861	1
99424	1
100136	1
97760	1
102003	1
34758	1
97407	1
100433	1
101693	1
93002	1
101972	1
100332	1
35772	1
36110	1
100779	1
100386	1
100589	1
98535	1
100015	1
99616	1
97322	1
106362	1
104424	1
105569	1
35242	1
92514	1
98945	1
92452	1
97790	1
99418	1
101072	1
99922	1
101858	1
101171	1
99532	1
92906	1
100481	1
100848	1
103800	1
97766	1
100827	1
100463	1
92148	1
36103	1
92244	1
34935	1
100402	1
99217	1
99328	1
100608	1
92250	1
100749	1
98637	1
99156	1
99405	1
98700	1
99606	1
98707	1
101198	1
101006	1
101282	1
93147	1
95411	1
78576	1
99974	1
35808	1
92330	1
99502	1
76184	1
100042	1
95367	1
100724	1
101100	1
34418	1
36650	1
92858	1
34437	1
97379	1
101879	1
35326	1
78605	1
98834	1
35235	1
97396	1
99830	1
93030	1
101827	1
92401	1
36278	1
35837	1
93184	1
100062	1
103769	1
35695	1
102001	1
100992	1
103818	1
92489	1
101045	1
101931	1
100506	1
34919	1
101425	1
100145	1
100544	1
35904	1
35910	1
100578	1
100163	1
101600	1
35770	1
100426	1
76189	1
98781	1
99638	1
99213	1
98780	1
98553	1
99253	1
101428	1
36104	1
35095	1
34561	1
97763	1
92988	1
34495	1
103786	1
36559	1
100642	1
35364	1
35747	1
100694	1
98676	1
35052	1
93103	1
35985	1
36097	1
36725	1
92372	1
92391	1
98906	1
52026	1
92695	1
92585	1
103847	1
92829	1
99411	1
36626	1
94848	1
92660	1
35996	1
93168	1
35372	1
98657	1
35804	1
34959	1
35141	1
101641	1
92827	1
94846	1
36836	1
95448	1
100123	1
97776	1
101649	1
100025	1
95351	1
35742	1
98902	1
98957	1
92335	1
100996	1
36973	1
98529	1
99668	1
101759	1
35117	1
101106	1
100231	1
34426	1
98885	1
34508	1
97229	1
98549	1
99415	1
100358	1
35610	1
100699	1
101409	1
103739	1
105609	1
92855	1
35522	1
92724	1
100032	1
98616	1
92698	1
99023	1
35136	1
97413	1
95372	1
101235	1
101342	1
100908	1
98912	1
98547	1
95462	1
92847	1
97456	1
100743	1
100609	1
98680	1
98745	1
35990	1
36051	1
35733	1
99976	1
101654	1
105605	1
98914	1
35796	1
34833	1
100412	1
97317	1
99379	1
92308	1
100230	1
99529	1
100068	1
34813	1
100004	1
93142	1
99459	1
101381	1
101708	1
101994	1
99726	1
100177	1
92940	1
35943	1
101132	1
99489	1
101823	1
78633	1
36849	1
100925	1
101992	1
36527	1
98775	1
100097	1
99016	1
76226	1
100653	1
98719	1
36155	1
36036	1
106298	1
100322	1
100703	1
101671	1
92553	1
92744	1
101368	1
97357	1
36312	1
100156	1
93044	1
100424	1
52024	1
101713	1
95357	1
92240	1
35151	1
101967	1
100612	1
100085	1
35696	1
99855	1
105640	1
36332	1
101064	1
36581	1
101704	1
35759	1
100988	1
97349	1
100688	1
98981	1
101079	1
100078	1
97448	1
92169	1
99785	1
99701	1
35530	1
92710	1
76244	1
100856	1
99869	1
100268	1
101460	1
100392	1
99165	1
100238	1
34458	1
98931	1
99282	1
100249	1
98679	1
92481	1
36185	1
98792	1
99327	1
97764	1
100918	1
101038	1
99708	1
36775	1
36542	1
92190	1
99353	1
100234	1
95396	1
92540	1
35529	1
76186	1
35259	1
104435	1
36067	1
101394	1
36143	1
101365	1
105617	1
92521	1
100533	1
99138	1
97343	1
36279	1
35016	1
52033	1
103758	1
35854	1
101367	1
99147	1
92828	1
101699	1
100096	1
34450	1
76279	1
101934	1
101533	1
98753	1
95425	1
100331	1
99469	1
99921	1
100595	1
99270	1
34581	1
100904	1
76231	1
100576	1
101177	1
101249	1
92799	1
35745	1
98782	1
98994	1
100388	1
97397	1
34971	1
35871	1
101589	1
103838	1
36526	1
101185	1
99769	1
92286	1
101512	1
100958	1
35835	1
36931	1
36974	1
35144	1
97313	1
36466	1
98557	1
100937	1
101228	1
101735	1
98950	1
103762	1
92406	1
97228	1
99493	1
98726	1
101937	1
99818	1
92197	1
99813	1
101355	1
101673	1
101510	1
106360	1
99930	1
92405	1
98678	1
99624	1
35845	1
36164	1
52006	1
36347	1
34847	1
34688	1
100458	1
100762	1
101390	1
92355	1
101260	1
95401	1
99935	1
92502	1
98773	1
101562	1
35774	1
101472	1
101926	1
100719	1
101239	1
99020	1
36932	1
101542	1
100378	1
35788	1
78626	1
34900	1
100346	1
99841	1
105582	1
99084	1
99722	1
97788	1
35011	1
92549	1
36580	1
100720	1
99617	1
99290	1
101768	1
35137	1
92217	1
99403	1
99995	1
92310	1
97765	1
99508	1
35111	1
35298	1
99211	1
99080	1
52020	1
98812	1
36778	1
100143	1
101434	1
100926	1
99473	1
92429	1
36596	1
99107	1
101690	1
98730	1
92989	1
92260	1
101270	1
101969	1
100680	1
35431	1
92723	1
95461	1
34962	1
95365	1
99087	1
100741	1
99809	1
52039	1
101176	1
101645	1
35486	1
34756	1
35142	1
34511	1
100490	1
35971	1
100780	1
95420	1
92223	1
103753	1
103757	1
104418	1
100782	1
99038	1
100008	1
92800	1
99626	1
97774	1
101677	1
99316	1
99839	1
100973	1
100031	1
101689	1
97453	1
34407	1
99408	1
100408	1
35925	1
35849	1
104432	1
100956	1
35060	1
105641	1
99299	1
36464	1
101182	1
76188	1
99878	1
98784	1
36311	1
101376	1
99247	1
35924	1
97276	1
99525	1
92786	1
100581	1
100399	1
100092	1
100573	1
36763	1
101021	1
52047	1
99778	1
101684	1
98758	1
99789	1
98624	1
99986	1
34769	1
35979	1
99570	1
101189	1
100269	1
100606	1
92321	1
100600	1
99120	1
34842	1
101729	1
36276	1
98670	1
99058	1
98865	1
76280	1
100775	1
97330	1
98842	1
36651	1
101386	1
105620	1
99970	1
99173	1
103783	1
36465	1
100014	1
101329	1
35247	1
101864	1
95466	1
101020	1
36948	1
101320	1
101387	1
99896	1
36942	1
101400	1
76202	1
97259	1
99116	1
99743	1
92262	1
92614	1
100739	1
92479	1
105599	1
36027	1
36318	1
101990	1
98766	1
35730	1
36500	1
101503	1
106317	1
99067	1
92980	1
100771	1
101527	1
99210	1
99122	1
100906	1
35234	1
92663	1
35169	1
98847	1
100700	1
103811	1
99267	1
34981	1
99171	1
100858	1
99102	1
94825	1
99561	1
93069	1
35879	1
78627	1
98524	1
98660	1
92192	1
35009	1
99285	1
97395	1
35232	1
92236	1
99771	1
99831	1
99363	1
35832	1
92791	1
99709	1
98853	1
35346	1
97275	1
100297	1
94860	1
98938	1
97278	1
92344	1
92219	1
101328	1
99816	1
35360	1
100786	1
34913	1
101875	1
95385	1
105624	1
101904	1
101302	1
99790	1
100494	1
98582	1
99553	1
103820	1
99912	1
101195	1
100789	1
35282	1
100564	1
97282	1
100178	1
98975	1
100861	1
99462	1
99895	1
97441	1
100381	1
92303	1
95352	1
92778	1
34506	1
34816	1
98822	1
101494	1
76222	1
98921	1
101633	1
105628	1
100792	1
78631	1
35210	1
34972	1
100687	1
100383	1
92274	1
92782	1
98765	1
97773	1
95432	1
105623	1
86328	1
36736	1
35521	1
99461	1
93054	1
35723	1
36623	1
92630	1
101473	1
36035	1
36791	1
101037	1
99641	1
94822	1
34425	1
92707	1
101593	1
99494	1
36451	1
92913	1
35422	1
98905	1
99035	1
99505	1
98684	1
101018	1
98859	1
97299	1
100646	1
98633	1
99369	1
101628	1
97233	1
34540	1
101707	1
35250	1
97352	1
101084	1
34777	1
99866	1
97326	1
101093	1
52076	1
100671	1
99105	1
101630	1
100849	1
99516	1
100678	1
36584	1
36604	1
97451	1
100302	1
35717	1
99941	1
92760	1
35700	1
98552	1
35991	1
36854	1
92547	1
100677	1
100146	1
92304	1
78575	1
93141	1
101005	1
97274	1
100351	1
101982	1
34912	1
99335	1
101363	1
34876	1
101711	1
101272	1
99865	1
35690	1
98683	1
92313	1
92538	1
35149	1
92877	1
76221	1
93110	1
99715	1
100118	1
92466	1
36558	1
101465	1
105583	1
100430	1
100897	1
35528	1
92703	1
99137	1
101899	1
106314	1
76242	1
93079	1
36767	1
101054	1
97308	1
93068	1
99907	1
106316	1
99885	1
97424	1
98883	1
100650	1
99231	1
98866	1
101925	1
36927	1
100887	1
100998	1
98928	1
92983	1
98867	1
99611	1
101716	1
98890	1
35168	1
98802	1
92943	1
78589	1
100467	1
100597	1
36615	1
92687	1
103819	1
101638	1
52058	1
94853	1
100599	1
100187	1
34423	1
100006	1
92977	1
100113	1
52065	1
35768	1
100211	1
97321	1
99192	1
92220	1
78586	1
92721	1
34802	1
35850	1
98589	1
105649	1
98611	1
97473	1
100586	1
100204	1
100364	1
99310	1
101498	1
101817	1
100733	1
35607	1
101679	1
36020	1
95405	1
100931	1
101351	1
100443	1
99960	1
92927	1
92453	1
99238	1
92446	1
95409	1
36059	1
99758	1
93021	1
36275	1
36111	1
104427	1
51990	1
92259	1
36827	1
101835	1
36344	1
98870	1
99471	1
92287	1
99362	1
35334	1
100366	1
92754	1
97252	1
101172	1
92515	1
97457	1
99933	1
101262	1
92199	1
34751	1
92991	1
103780	1
100547	1
36124	1
34950	1
99825	1
36322	1
92849	1
93116	1
35811	1
101336	1
94863	1
106303	1
92307	1
92869	1
36114	1
92445	1
34454	1
100806	1
101115	1
78609	1
92946	1
34526	1
100439	1
92719	1
100217	1
92464	1
35084	1
34861	1
98741	1
101191	1
92610	1
92866	1
101535	1
35820	1
101332	1
100799	1
35950	1
92432	1
92986	1
99075	1
99095	1
99340	1
100120	1
100296	1
34726	1
100558	1
100071	1
34907	1
34493	1
36616	1
97337	1
100793	1
36658	1
94858	1
36764	1
92978	1
99279	1
97444	1
92241	1
35213	1
101688	1
101907	1
86327	1
92165	1
99794	1
101805	1
94815	1
101048	1
100311	1
101300	1
101964	1
100635	1
100830	1
99942	1
99882	1
99681	1
98740	1
99890	1
100955	1
36517	1
100464	1
36100	1
35002	1
36612	1
101481	1
93043	1
93055	1
98813	1
35074	1
100447	1
101441	1
105573	1
34732	1
35294	1
34667	1
97442	1
97208	1
36041	1
98588	1
35937	1
99919	1
97246	1
94833	1
92898	1
100205	1
100587	1
98857	1
36001	1
34975	1
34408	1
100418	1
35253	1
98976	1
100941	1
92759	1
101534	1
95343	1
92777	1
36138	1
92517	1
78629	1
100574	1
35268	1
35560	1
99568	1
36282	1
92193	1
97263	1
99587	1
101017	1
92333	1
101965	1
34439	1
93096	1
36292	1
97445	1
35270	1
98948	1
35815	1
101161	1
101804	1
93104	1
101042	1
99945	1
93040	1
100300	1
92317	1
92715	1
35847	1
92853	1
100838	1
34770	1
100835	1
36715	1
97416	1
101025	1
34958	1
99592	1
98619	1
98801	1
101056	1
92589	1
101419	1
35221	1
100951	1
99621	1
101399	1
99342	1
92243	1
36459	1
100816	1
99724	1
36132	1
103749	1
101524	1
100570	1
34869	1
99164	1
100222	1
100575	1
78597	1
101395	1
98661	1
35263	1
92823	1
101797	1
35758	1
92550	1
94840	1
101237	1
99153	1
99636	1
101866	1
92320	1
92215	1
98559	1
101098	1
76238	1
92624	1
99008	1
34503	1
92696	1
100846	1
78591	1
101859	1
97786	1
36915	1
94808	1
76233	1
105602	1
36663	1
100953	1
36327	1
97281	1
100218	1
100203	1
35791	1
92982	1
36718	1
34671	1
35712	1
35705	1
95447	1
93024	1
99836	1
92952	1
101156	1
101678	1
101081	1
99759	1
35771	1
101466	1
99964	1
95364	1
100287	1
35322	1
101698	1
98603	1
100821	1
99783	1
100769	1
99401	1
101301	1
92164	1
35825	1
35692	1
93016	1
99317	1
101164	1
101240	1
101187	1
34771	1
101444	1
92388	1
100173	1
92485	1
99449	1
36842	1
97307	1
35118	1
100621	1
100053	1
99131	1
100233	1
100174	1
99240	1
100288	1
99110	1
99314	1
97320	1
100968	1
92449	1
36656	1
98711	1
99673	1
36950	1
100385	1
100261	1
36811	1
100391	1
101463	1
100776	1
94836	1
101247	1
34917	1
92658	1
102021	1
100565	1
98666	1
101738	1
100571	1
98983	1
100501	1
101666	1
35726	1
101945	1
99047	1
101492	1
34879	1
99968	1
36591	1
99077	1
101125	1
99046	1
76213	1
34930	1
100016	1
101681	1
92474	1
100299	1
98808	1
100813	1
99714	1
99025	1
101437	1
36072	1
36617	1
36075	1
99250	1
98602	1
35863	1
100561	1
36922	1
99136	1
101070	1
36399	1
36174	1
100672	1
97234	1
99324	1
34862	1
76227	1
97255	1
100368	1
34524	1
98630	1
100198	1
100758	1
34956	1
99851	1
100692	1
100326	1
99803	1
99981	1
93135	1
100524	1
36074	1
92642	1
100207	1
95474	1
99143	1
100242	1
106321	1
102023	1
101107	1
101479	1
101277	1
34748	1
99856	1
92745	1
100579	1
99631	1
99821	1
92536	1
36014	1
78600	1
36089	1
92512	1
101857	1
76193	1
99704	1
35864	1
36511	1
101640	1
92221	1
36000	1
101888	1
35337	1
97264	1
105589	1
101057	1
93087	1
35773	1
34815	1
99735	1
35877	1
99781	1
92284	1
99349	1
92911	1
92908	1
92198	1
34781	1
92272	1
101285	1
98722	1
100316	1
92773	1
99431	1
99915	1
101250	1
97345	1
101718	1
76254	1
100281	1
93005	1
35968	1
97296	1
36150	1
101592	1
100361	1
92298	1
35311	1
92797	1
99303	1
99124	1
99916	1
35000	1
35866	1
35714	1
99988	1
92994	1
35710	1
35021	1
99388	1
92891	1
100171	1
34446	1
92831	1
92488	1
92561	1
99646	1
36062	1
34874	1
97210	1
99086	1
99069	1
36456	1
100959	1
92730	1
98724	1
92346	1
35827	1
97353	1
99957	1
100026	1
92948	1
35967	1
35082	1
34738	1
92379	1
98942	1
100982	1
95349	1
35226	1
92601	1
78607	1
100989	1
36652	1
94842	1
97768	1
92821	1
35130	1
98793	1
98879	1
105638	1
99157	1
98875	1
95371	1
52075	1
34505	1
100132	1
52021	1
92954	1
100140	1
52030	1
99104	1
92963	1
36649	1
100510	1
99257	1
100121	1
93026	1
95438	1
100317	1
98571	1
36182	1
99936	1
101432	1
34857	1
78603	1
100021	1
76253	1
93094	1
101546	1
35807	1
99923	1
93074	1
99696	1
98830	1
35981	1
99308	1
36733	1
35190	1
35857	1
99209	1
36342	1
98794	1
93185	1
35028	1
92314	1
105625	1
101894	1
35833	1
92403	1
94823	1
100496	1
34867	1
92667	1
92559	1
105581	1
94828	1
92627	1
34910	1
35972	1
101549	1
92442	1
34715	1
92727	1
103742	1
100084	1
93101	1
92271	1
35265	1
35315	1
101820	1
36590	1
36822	1
36286	1
101955	1
35976	1
101154	1
97381	1
106355	1
99218	1
97408	1
92824	1
34831	1
101136	1
101000	1
35679	1
35799	1
98658	1
36780	1
106326	1
97324	1
92673	1
98889	1
35219	1
36518	1
101298	1
100457	1
34433	1
92742	1
100046	1
34421	1
100104	1
99182	1
99615	1
98843	1
34872	1
92149	1
92419	1
100387	1
101746	1
100255	1
99233	1
100193	1
35724	1
98622	1
99566	1
35124	1
52085	1
101222	1
103721	1
92328	1
92222	1
100438	1
99235	1
92430	1
101868	1
92418	1
36560	1
102016	1
101431	1
101574	1
35355	1
98992	1
101283	1
100659	1
35308	1
99780	1
35977	1
92513	1
76192	1
35737	1
101119	1
36748	1
36928	1
100038	1
100512	1
92231	1
36060	1
36008	1
95380	1
35023	1
100563	1
101296	1
36105	1
100964	1
98871	1
36317	1
100785	1
36079	1
97301	1
99786	1
92936	1
93003	1
101165	1
92907	1
35339	1
100760	1
99762	1
101785	1
78588	1
92701	1
98913	1
100978	1
105644	1
36959	1
99300	1
36015	1
100693	1
101257	1
99254	1
92901	1
92450	1
92447	1
98929	1
34430	1
34922	1
105580	1
78601	1
34406	1
36413	1
101127	1
100487	1
35255	1
101073	1
93050	1
35350	1
98693	1
34466	1
35428	1
93092	1
92530	1
35728	1
99397	1
95455	1
92397	1
92249	1
35554	1
92211	1
100073	1
98617	1
92209	1
106315	1
34942	1
36484	1
101278	1
100508	1
98900	1
101087	1
36141	1
92836	1
35272	1
92157	1
35934	1
100407	1
97472	1
97315	1
98645	1
92465	1
93093	1
99603	1
34405	1
99481	1
92478	1
35766	1
100912	1
101991	1
35893	1
101308	1
100772	1
97382	1
103733	1
93065	1
34859	1
99009	1
99180	1
101097	1
34899	1
35547	1
35105	1
99876	1
36916	1
99848	1
101013	1
92552	1
98962	1
99033	1
92950	1
98790	1
100090	1
103816	1
98554	1
35293	1
92353	1
35138	1
101426	1
92425	1
52066	1
98989	1
100518	1
103763	1
35974	1
101047	1
99697	1
101811	1
52027	1
98650	1
34570	1
36757	1
34933	1
35929	1
36006	1
101035	1
92885	1
34440	1
35549	1
99614	1
51999	1
92166	1
35793	1
101843	1
92711	1
97295	1
94809	1
99978	1
36833	1
92861	1
36832	1
35291	1
92275	1
100714	1
100363	1
97792	1
92645	1
101995	1
92929	1
99031	1
100729	1
100907	1
36776	1
101757	1
92247	1
92294	1
101520	1
100676	1
101370	1
100585	1
101517	1
100860	1
92283	1
100282	1
99932	1
35233	1
99884	1
101034	1
51993	1
97366	1
100001	1
101322	1
98880	1
94806	1
34409	1
98746	1
97279	1
35371	1
92632	1
98754	1
100454	1
101364	1
92436	1
52046	1
100453	1
100886	1
99967	1
101536	1
35546	1
36305	1
99795	1
35856	1
92930	1
99987	1
101138	1
76205	1
101701	1
92944	1
100247	1
36410	1
101833	1
100018	1
99041	1
98863	1
103760	1
36816	1
99460	1
92276	1
101304	1
92640	1
100103	1
101071	1
95422	1
100517	1
100446	1
95389	1
35559	1
101143	1
99074	1
99571	1
98917	1
99482	1
35743	1
101245	1
99268	1
95381	1
100502	1
35775	1
92511	1
35792	1
92366	1
34442	1
99667	1
35848	1
97371	1
99484	1
104419	1
36442	1
35243	1
100480	1
98561	1
101987	1
100535	1
100341	1
78616	1
98721	1
35113	1
101631	1
34539	1
95470	1
78580	1
92471	1
35279	1
100328	1
100253	1
78618	1
100214	1
98654	1
36126	1
101871	1
100584	1
100395	1
92951	1
35767	1
36335	1
103745	1
101748	1
101206	1
101467	1
99589	1
99497	1
101799	1
99392	1
102019	1
99261	1
92441	1
92460	1
92543	1
36467	1
36783	1
100272	1
101418	1
99094	1
99002	1
103729	1
35468	1
92297	1
101223	1
36352	1
92299	1
101105	1
99064	1
93004	1
99277	1
98560	1
105595	1
101321	1
36122	1
101806	1
93045	1
101019	1
36578	1
36037	1
92835	1
36941	1
101597	1
34731	1
100369	1
34411	1
100333	1
101069	1
92343	1
98550	1
78595	1
101601	1
35916	1
100345	1
101584	1
35044	1
92261	1
99245	1
34519	1
99427	1
99993	1
100679	1
101389	1
36618	1
34528	1
35229	1
101403	1
99013	1
101744	1
36409	1
98528	1
36176	1
100665	1
101629	1
100013	1
99091	1
101102	1
92560	1
99442	1
78632	1
101344	1
100569	1
78577	1
92709	1
97314	1
99545	1
99585	1
106299	1
101566	1
100661	1
93179	1
34723	1
100541	1
36592	1
99365	1
100722	1
35434	1
34791	1
99027	1
99695	1
34817	1
98738	1
98985	1
97348	1
92519	1
92182	1
92392	1
99060	1
36724	1
100520	1
36348	1
35189	1
101092	1
92404	1
99152	1
35906	1
101644	1
100655	1
99356	1
36951	1
34459	1
101902	1
35205	1
36503	1
92365	1
99129	1
99061	1
99947	1
101834	1
101878	1
97437	1
101564	1
36186	1
100702	1
92492	1
99546	1
92720	1
92377	1
92251	1
35216	1
101392	1
92650	1
93012	1
52015	1
92159	1
95347	1
100618	1
35718	1
35787	1
92766	1
101139	1
92383	1
97386	1
36786	1
99628	1
98575	1
100814	1
99725	1
98951	1
35075	1
92881	1
95450	1
36777	1
101765	1
100766	1
99859	1
98675	1
92949	1
98648	1
98572	1
100791	1
95346	1
36499	1
92156	1
101058	1
36009	1
97406	1
52010	1
99422	1
35208	1
92237	1
35830	1
92356	1
93051	1
34851	1
99191	1
92725	1
98809	1
101983	1
92337	1
98850	1
36319	1
100742	1
101350	1
105596	1
92935	1
100200	1
101202	1
34733	1
100871	1
99154	1
97470	1
51997	1
99496	1
93077	1
99601	1
36460	1
101372	1
101099	1
97373	1
94839	1
99560	1
36570	1
97250	1
104487	1
102002	1
100499	1
99522	1
101318	1
101016	1
99788	1
100294	1
92173	1
99306	1
99093	1
92203	1
101841	1
100215	1
92352	1
36514	1
99642	1
101854	1
76224	1
35753	1
98760	1
93014	1
93163	1
100150	1
101352	1
34924	1
93082	1
34463	1
86325	1
99720	1
94821	1
99266	1
35358	1
36266	1
78590	1
99748	1
35015	1
35561	1
99534	1
92408	1
35816	1
34839	1
101788	1
52080	1
101088	1
34575	1
101077	1
35258	1
100972	1
92876	1
92622	1
99223	1
92587	1
98699	1
34967	1
101712	1
92795	1
100882	1
36655	1
92537	1
99148	1
99565	1
36092	1
97354	1
100039	1
100529	1
76250	1
99670	1
99672	1
92369	1
101862	1
93102	1
95433	1
35613	1
92598	1
99202	1
92455	1
35425	1
35152	1
99843	1
36271	1
99881	1
100370	1
100811	1
99690	1
99201	1
34767	1
36285	1
95378	1
92375	1
98837	1
92808	1
100290	1
100755	1
101433	1
100841	1
78574	1
97781	1
92266	1
100052	1
99853	1
101453	1
36605	1
100751	1
93035	1
36796	1
93058	1
92451	1
93057	1
36450	1
100303	1
92793	1
99644	1
36167	1
99521	1
100082	1
103744	1
100938	1
98923	1
97412	1
97390	1
36625	1
52073	1
98920	1
100449	1
101436	1
99727	1
52043	1
35920	1
93073	1
105604	1
101612	1
98642	1
100365	1
92677	1
99739	1
98839	1
99539	1
93156	1
101993	1
36829	1
36620	1
101863	1
35616	1
99359	1
35367	1
100093	1
98695	1
76252	1
92456	1
99402	1
92347	1
95444	1
92358	1
36030	1
100485	1
92889	1
35805	1
35915	1
93114	1
101490	1
102000	1
98829	1
36506	1
101758	1
98710	1
100394	1
35814	1
99083	1
100594	1
34582	1
34453	1
101557	1
100484	1
35819	1
35523	1
95430	1
98783	1
103764	1
99512	1
101537	1
36507	1
35539	1
92509	1
36929	1
97431	1
97304	1
93025	1
100208	1
36735	1
99304	1
97230	1
34490	1
92477	1
106354	1
99662	1
101215	1
100864	1
34487	1
93158	1
34717	1
92586	1
35962	1
35555	1
97422	1
101643	1
95440	1
95415	1
99870	1
99556	1
34888	1
101903	1
99574	1
35969	1
99604	1
100613	1
36116	1
34501	1
101732	1
35331	1
36970	1
101901	1
100286	1
92811	1
93106	1
101669	1
36148	1
35960	1
99647	1
105611	1
93081	1
101122	1
103810	1
35984	1
98926	1
100977	1
36061	1
101733	1
93056	1
34840	1
36339	1
97363	1
100844	1
99506	1
36300	1
92368	1
101595	1
92910	1
99354	1
101794	1
99863	1
92396	1
36162	1
101311	1
78621	1
100139	1
35487	1
100914	1
34477	1
105579	1
92380	1
100060	1
101623	1
99050	1
98594	1
98927	1
99749	1
98916	1
35220	1
34980	1
92643	1
36509	1
103770	1
92227	1
34978	1
36719	1
100685	1
92894	1
99436	1
34559	1
99808	1
101706	1
92609	1
34740	1
35720	1
34746	1
100735	1
101271	1
100994	1
92768	1
97388	1
101488	1
101396	1
76211	1
100182	1
105603	1
98977	1
100050	1
93090	1
97432	1
35309	1
101031	1
98956	1
101664	1
100049	1
100605	1
92649	1
100108	1
93080	1
99528	1
35314	1
97204	1
100831	1
36627	1
99168	1
103748	1
97261	1
100267	1
34696	1
99450	1
100903	1
100186	1
92428	1
101405	1
106361	1
100012	1
98984	1
101095	1
100055	1
101660	1
51998	1
100610	1
98748	1
99632	1
97258	1
92688	1
101683	1
99457	1
35813	1
99117	1
35217	1
36498	1
101248	1
100129	1
98761	1
101030	1
99800	1
99234	1
97758	1
98856	1
100201	1
52009	1
34480	1
99439	1
98882	1
104420	1
101186	1
35532	1
93052	1
101345	1
101216	1
100308	1
35092	1
35316	1
92501	1
103827	1
100265	1
99081	1
98592	1
100101	1
97463	1
97461	1
34787	1
36291	1
103752	1
36084	1
76236	1
34918	1
92805	1
99011	1
97242	1
36277	1
103854	1
99948	1
95395	1
92188	1
100434	1
36416	1
101802	1
36717	1
95344	1
35540	1
98691	1
92484	1
34960	1
34724	1
100681	1
103738	1
100976	1
52064	1
34434	1
99307	1
103741	1
100324	1
92909	1
101359	1
95416	1
92619	1
92880	1
101971	1
100185	1
97365	1
98669	1
92916	1
93170	1
92564	1
92938	1
93085	1
93119	1
105645	1
97239	1
99583	1
35648	1
98980	1
92351	1
35249	1
99909	1
35088	1
97269	1
100641	1
101439	1
97403	1
36611	1
98739	1
36553	1
103841	1
105606	1
99754	1
99625	1
101109	1
100115	1
93023	1
35734	1
101751	1
35488	1
100933	1
35675	1
99927	1
101521	1
36945	1
36742	1
101880	1
100380	1
97409	1
92265	1
99174	1
99348	1
36313	1
97358	1
35750	1
99236	1
97769	1
35115	1
93029	1
100947	1
34695	1
99269	1
100138	1
100246	1
101384	1
92679	1
99984	1
99384	1
35938	1
100148	1
98828	1
101953	1
100397	1
92184	1
101780	1
101408	1
93078	1
97265	1
92893	1
106323	1
97370	1
101621	1
92736	1
92731	1
97374	1
92246	1
35325	1
99409	1
100416	1
105613	1
98621	1
93121	1
99082	1
100022	1
100768	1
92662	1
35545	1
35678	1
34774	1
101525	1
100548	1
101137	1
92712	1
101076	1
36314	1
106306	1
36515	1
97339	1
99476	1
102004	1
101959	1
92424	1
36486	1
36127	1
92875	1
35302	1
36445	1
92588	1
36298	1
98715	1
35536	1
97401	1
100243	1
99177	1
105614	1
34527	1
92960	1
36178	1
100654	1
101599	1
35077	1
101471	1
93161	1
99591	1
34761	1
76247	1
101233	1
35319	1
36440	1
36603	1
36007	1
52002	1
35860	1
99500	1
97266	1
93091	1
35157	1
99950	1
92571	1
102005	1
99042	1
34964	1
92520	1
34938	1
35128	1
34841	1
100444	1
34534	1
101541	1
99249	1
93009	1
101442	1
76201	1
100913	1
101736	1
92151	1
92597	1
92417	1
99969	1
98546	1
101220	1
98836	1
35066	1
101753	1
99425	1
99248	1
101539	1
35801	1
98565	1
35694	1
92554	1
99224	1
100034	1
99030	1
34984	1
101561	1
101636	1
99169	1
101869	1
92170	1
99243	1
92979	1
92819	1
99807	1
99940	1
101491	1
92253	1
103730	1
92161	1
93183	1
34516	1
35025	1
101775	1
100704	1
101413	1
98835	1
100984	1
92248	1
99520	1
36934	1
101760	1
94849	1
93018	1
97415	1
101755	1
36107	1
36980	1
93067	1
101774	1
34944	1
99000	1
86330	1
101921	1
92201	1
35147	1
101027	1
101002	1
36966	1
98798	1
36135	1
106305	1
98979	1
92801	1
100536	1
101567	1
36773	1
100064	1
34790	1
100250	1
51992	1
35200	1
93181	1
34720	1
103778	1
36803	1
99343	1
104426	1
100668	1
103755	1
101913	1
35252	1
76249	1
36621	1
100411	1
99745	1
36407	1
97351	1
101963	1
99417	1
35212	1
99729	1
101618	1
100936	1
34479	1
95413	1
100473	1
100859	1
92293	1
101236	1
98687	1
36408	1
100028	1
105629	1
98673	1
99135	1
100930	1
100716	1
103734	1
35313	1
76203	1
101849	1
35760	1
99844	1
99676	1
100817	1
99221	1
92689	1
99076	1
97240	1
97420	1
102008	1
36187	1
92682	1
95463	1
100891	1
100323	1
92691	1
35429	1
100979	1
34512	1
100629	1
97391	1
101238	1
92644	1
98600	1
98797	1
34870	1
101483	1
101001	1
92758	1
92202	1
101450	1
99862	1
92567	1
101478	1
98881	1
95451	1
100166	1
92664	1
101210	1
92612	1
36287	1
100128	1
99955	1
100320	1
101327	1
105585	1
34535	1
36034	1
101717	1
101700	1
100796	1
99378	1
36544	1
92277	1
101845	1
95348	1
98764	1
97782	1
99394	1
101380	1
97309	1
98717	1
34747	1
100901	1
101956	1
34574	1
100474	1
34865	1
34990	1
101153	1
52000	1
92864	1
34835	1
92312	1
92928	1
98567	1
97759	1
100192	1
35898	1
99934	1
100625	1
98807	1
99298	1
100318	1
97464	1
99515	1
100355	1
36004	1
99063	1
98551	1
92635	1
92779	1
99871	1
35852	1
35840	1
36181	1
98618	1
92213	1
98532	1
95388	1
34766	1
100482	1
98959	1
100855	1
101375	1
36540	1
98805	1
99854	1
101385	1
93108	1
103766	1
35440	1
92856	1